2013	6	8	20	0.20	0.20	0.20	0.20
2013	6	8	21	0.54	0.54	0.54	0.54
2013	6	8	22	0.20	0.20	0.20	0.20
2013	6	8	23	0.10	0.10	0.10	0.10
2013	6	9	24	0.43	0.43	0.43	0.43
2013	6	9	1	1.30	1.30	1.30	1.30
2013	6	9	2	1.67	1.67	1.67	1.67
2013	6	9	3	1.43	1.43	1.43	1.43
2013	6	9	4	1.27	1.27	1.27	1.27
2013	6	9	5	1.24	1.24	1.24	1.24
2013	6	9	6	1.43	1.43	1.43	1.43
2013	6	9	7	1.30	1.30	1.30	1.30
2013	6	9	8	1.63	1.63	1.63	1.63
2013	6	9	9	2.90	2.90	2.90	2.90
2013	6	9	10	3.23	3.23	3.23	3.23
2013	6	9	11	2.93	2.93	2.93	2.93
2013	6	9	12	2.03	2.03	2.03	2.03
2013	6	9	13	2.03	2.03	2.03	2.03
2013	6	9	14	1.60	1.60	1.60	1.60
2013	6	9	15	0.80	0.80	0.80	0.80
2013	6	9	16	0.97	0.97	0.97	0.97
2013	6	9	17	1.03	1.03	1.03	1.03
2013	6	9	18	0.53	0.53	0.53	0.53
2013	6	9	19	0.53	0.53	0.53	0.53
2013	6	9	20	0.33	0.33	0.33	0.33
2013	6	9	21	0.16	0.16	0.16	0.16
2013	6	9	22	0.20	0.20	0.20	0.20
2013	6	9	23	0.16	0.16	0.16	0.16
2013	6	10	24	0.12	0.12	0.12	0.12
2013	6	10	1	0.12	0.12	0.12	0.12
2013	6	10	2	0.04	0.04	0.04	0.04
2013	6	10	3	0.04	0.04	0.04	0.04
2013	6	10	4	0.00	0.00	0.00	0.00
2013	6	10	5	0.00	0.00	0.00	0.00
2013	6	10	6	0.00	0.00	0.00	0.00
2013	6	10	7	0.05	0.05	0.05	0.05
2013	6	10	8	0.00	0.00	0.00	0.00
2013	6	10	9	0.00	0.00	0.00	0.00
2013	6	10	10	0.00	0.00	0.00	0.00
2013	6	10	11	0.00	0.00	0.00	0.00
2013	6	10	12	0.00	0.00	0.00	0.00
2013	6	10	13	0.00	0.00	0.00	0.00
2013	6	10	14	0.00	0.00	0.00	0.00
2013	6	10	15	0.00	0.00	0.00	0.00
2013	6	10	16	0.00	0.00	0.00	0.00
2013	6	10	17	0.00	0.00	0.00	0.00
2013	6	10	18	0.00	0.00	0.00	0.00
2013	6	10	19	0.00	0.00	0.00	0.00
2013	6	10	20	0.00	0.00	0.00	0.00
2013	6	10	21	0.00	0.00	0.00	0.00
2013	6	10	22	0.00	0.00	0.00	0.00
2013	6	10	23	0.00	0.00	0.00	0.00
2013	6	11	24	0.00	0.00	0.00	0.00
2013	6	11	1	0.00	0.00	0.00	0.00
2013	6	11	2	0.00	0.00	0.00	0.00
2013	6	11	3	0.00	0.00	0.00	0.00
2013	6	11	4	0.00	0.00	0.00	0.00
2013	6	11	5	0.00	0.00	0.00	0.00
2013	6	11	6	0.00	0.00	0.00	0.00
2013	6	11	7	0.00	0.00	0.00	0.00
2013	6	11	8	0.00	0.00	0.00	0.00
2013	6	11	9	0.00	0.00	0.00	0.00
2013	6	11	10	0.00	0.00	0.00	0.00
2013	6	11	11	0.00	0.00	0.00	0.00
2013	6	11	12	0.00	0.00	0.00	0.00
2013	6	11	13	0.00	0.00	0.00	0.00
2013	6	11	14	0.00	0.00	0.00	0.00
2013	6	11	15	0.00	0.00	0.00	0.00
2013	6	11	16	0.00	0.00	0.00	0.00
2013	6	11	17	0.00	0.00	0.00	0.00
2013	6	11	18	0.00	0.00	0.00	0.00
2013	6	11	19	0.00	0.00	0.00	0.00
2013	6	11	20	0.00	0.00	0.00	0.00
2013	6	11	21	0.00	0.00	0.00	0.00
2013	6	11	22	0.00	0.00	0.00	0.00
2013	6	11	23	0.00	0.00	0.00	0.00
2013	6	12	24	0.00	0.00	0.00	0.00
2013	6	12	1	0.00	0.00	0.00	0.00
2013	6	12	2	0.00	0.00	0.00	0.00
2013	6	12	3	0.00	0.00	0.00	0.00
2013	6	12	4	0.00	0.00	0.00	0.00
2013	6	12	5	0.00	0.00	0.00	0.00
2013	6	12	6	0.00	0.00	0.00	0.00
2013	6	12	7	0.00	0.00	0.00	0.00
2013	6	12	8	0.00	0.00	0.00	0.00
2013	6	12	9	0.00	0.00	0.00	0.00
2013	6	12	10	0.00	0.00	0.00	0.00
2013	6	12	11	0.00	0.00	0.00	0.00
2013	6	12	12	0.00	0.00	0.00	0.00
2013	6	12	13	0.00	0.00	0.00	0.00
2013	6	12	14	0.00	0.00	0.00	0.00
2013	6	12	15	0.00	0.00	0.00	0.00
2013	6	12	16	0.00	0.00	0.00	0.00
2013	6	12	17	0.00	0.00	0.00	0.00
2013	6	12	18	0.00	0.00	0.00	0.00
2013	6	12	19	0.00	0.00	0.00	0.00
2013	6	12	20	0.00	0.00	0.00	0.00
2013	6	12	21	0.00	0.00	0.00	0.00
2013	6	12	22	0.00	0.00	0.00	0.00
2013	6	12	23	0.00	0.00	0.00	0.00
2013	6	13	24	0.00	0.00	0.00	0.00
2013	6	13	1	0.00	0.00	0.00	0.00
2013	6	13	2	0.00	0.00	0.00	0.00
2013	6	13	3	0.00	0.00	0.00	0.00
2013	6	13	4	0.00	0.00	0.00	0.00
2013	6	13	5	0.00	0.00	0.00	0.00
2013	6	13	6	0.00	0.00	0.00	0.00
2013	6	13	7	0.00	0.00	0.00	0.00
2013	6	13	8	0.00	0.00	0.00	0.00
2013	6	13	9	0.00	0.00	0.00	0.00
2013	6	13	10	0.00	0.00	0.00	0.00
2013	6	13	11	0.00	0.00	0.00	0.00
2013	6	13	12	0.00	0.00	0.00	0.00
2013	6	13	13	0.00	0.00	0.00	0.00
2013	6	13	14	0.00	0.00	0.00	0.00
2013	6	13	15	0.00	0.00	0.00	0.00
2013	6	13	16	0.00	0.00	0.00	0.00
2013	6	13	17	0.00	0.00	0.00	0.00
2013	6	13	18	0.00	0.00	0.00	0.00
2013	6	13	19	0.00	0.00	0.00	0.00
2013	6	13	20	0.00	0.00	0.00	0.00
2013	6	13	21	0.00	0.00	0.00	0.00
2013	6	13	22	0.00	0.00	0.00	0.00
2013	6	13	23	0.00	0.00	0.00	0.00
2013	6	14	24	0.00	0.00	0.00	0.00
2013	6	14	1	0.00	0.00	0.00	0.00
2013	6	14	2	0.00	0.00	0.00	0.00
2013	6	14	3	0.00	0.00	0.00	0.00
2013	6	14	4	0.00	0.00	0.00	0.00
2013	6	14	5	0.00	0.00	0.00	0.00
2013	6	14	6	0.00	0.00	0.00	0.00
2013	6	14	7	0.00	0.00	0.00	0.00
2013	6	14	8	0.00	0.00	0.00	0.00
2013	6	14	9	0.00	0.00	0.00	0.00
